0.000|kb,430890338,6,20,0,0,0,0,1,84,2,-0.194,0.076,1.492,2,-0.213,0.135,1.545,2,-0.220,0.481,1.548,2,-0.159,0.608,1.475,2,-0.362,0.362,1.507,2,-0.425,0.119,1.488,2,-0.414,-0.078,1.441,2,-0.405,-0.141,1.426,2,-0.044,0.389,1.608,2,0.019,0.176,1.647,2,0.094,-0.007,1.522,2,0.129,-0.093,1.453,2,-0.263,0.002,1.462,2,-0.296,-0.354,1.501,2,-0.339,-0.619,1.742,2,-0.316,-0.666,1.675,2,-0.117,0.005,1.499,2,-0.127,-0.354,1.441,1,-0.152,-0.749,1.459,1,-0.125,-0.763,1.379,0
0.043|kb,430890405,6,20,0,0,0,0,1,84,2,-0.170,0.072,1.431,2,-0.187,0.132,1.485,2,-0.194,0.486,1.493,1,-0.136,0.607,1.441,2,-0.329,0.367,1.452,2,-0.389,0.123,1.420,2,-0.378,-0.072,1.360,2,-0.370,-0.136,1.340,2,-0.024,0.390,1.538,2,0.046,0.146,1.563,2,0.071,-0.090,1.517,2,0.084,-0.185,1.497,2,-0.238,0.002,1.403,2,-0.271,-0.352,1.403,2,-0.310,-0.597,1.648,2,-0.292,-0.653,1.589,2,-0.096,0.002,1.437,2,-0.118,-0.361,1.434,1,-0.154,-0.760,1.453,1,-0.128,-0.773,1.372,0
0.091|kb,430890441,6,20,0,0,0,0,1,84,2,-0.161,0.071,1.411,2,-0.177,0.131,1.465,2,-0.183,0.487,1.470,1,-0.125,0.608,1.424,2,-0.315,0.370,1.431,2,-0.378,0.124,1.396,2,-0.366,-0.069,1.327,2,-0.357,-0.132,1.305,2,-0.018,0.390,1.509,2,0.055,0.151,1.523,2,0.066,-0.107,1.517,2,0.071,-0.200,1.508,2,-0.227,0.003,1.384,2,-0.254,-0.350,1.362,2,-0.292,-0.606,1.601,1,-0.281,-0.652,1.551,2,-0.087,0.003,1.416,2,-0.112,-0.364,1.428,1,-0.158,-0.763,1.452,1,-0.133,-0.775,1.371,0
0.125|kb,430890473,6,20,0,0,0,0,1,84,2,-0.152,0.073,1.395,2,-0.167,0.133,1.449,2,-0.175,0.487,1.450,1,-0.115,0.608,1.407,2,-0.307,0.375,1.417,2,-0.369,0.126,1.377,2,-0.357,-0.064,1.298,2,-0.342,-0.125,1.267,2,-0.013,0.393,1.489,2,0.058,0.163,1.499,2,0.063,-0.107,1.515,2,0.064,-0.201,1.514,2,-0.218,0.005,1.370,2,-0.246,-0.349,1.342,2,-0.280,-0.614,1.546,1,-0.268,-0.650,1.491,2,-0.077,0.007,1.398,2,-0.100,-0.366,1.414,1,-0.186,-0.747,1.467,1,-0.164,-0.758,1.385,0
0.149|kb,430890505,6,20,0,0,0,0,1,84,2,-0.143,0.076,1.380,2,-0.157,0.137,1.433,2,-0.167,0.489,1.432,1,-0.105,0.611,1.389,2,-0.299,0.380,1.402,2,-0.363,0.128,1.357,2,-0.348,-0.059,1.271,2,-0.327,-0.114,1.235,2,-0.009,0.395,1.458,2,0.059,0.176,1.480,2,0.060,-0.096,1.509,2,0.060,-0.189,1.511,2,-0.208,0.010,1.356,2,-0.236,-0.397,1.326,1,-0.263,-0.725,1.346,1,-0.248,-0.746,1.264,2,-0.070,0.012,1.383,2,-0.090,-0.365,1.403,1,-0.207,-0.727,1.476,1,-0.188,-0.742,1.394,0
0.178|kb,430890541,6,20,0,0,0,0,1,84,2,-0.134,0.083,1.361,2,-0.147,0.143,1.414,2,-0.155,0.491,1.411,1,-0.093,0.614,1.368,2,-0.289,0.388,1.382,2,-0.356,0.133,1.337,2,-0.338,-0.050,1.241,2,-0.315,-0.107,1.209,2,-0.007,0.396,1.436,2,0.060,0.181,1.468,2,0.059,-0.062,1.483,2,0.057,-0.155,1.487,2,-0.195,0.021,1.330,2,-0.222,-0.408,1.287,1,-0.243,-0.798,1.179,1,-0.225,-0.786,1.103,2,-0.064,0.018,1.369,2,-0.081,-0.364,1.394,1,-0.221,-0.707,1.477,1,-0.202,-0.727,1.394,0
0.211|kb,430890573,6,20,0,0,0,0,1,84,2,-0.123,0.098,1.338,2,-0.136,0.155,1.392,2,-0.145,0.493,1.390,1,-0.082,0.617,1.347,2,-0.279,0.395,1.362,2,-0.350,0.140,1.315,2,-0.320,-0.037,1.204,2,-0.304,-0.099,1.182,2,0.005,0.406,1.420,2,0.063,0.191,1.450,2,0.064,-0.035,1.459,2,0.062,-0.123,1.448,2,-0.187,0.032,1.312,2,-0.202,-0.344,1.226,1,-0.233,-0.647,1.345,1,-0.214,-0.665,1.259,2,-0.051,0.033,1.346,2,-0.073,-0.361,1.385,1,-0.224,-0.691,1.474,1,-0.206,-0.716,1.391,0
0.253|kb,430890605,6,20,0,0,0,0,1,84,2,-0.115,0.109,1.321,2,-0.129,0.165,1.374,2,-0.135,0.493,1.367,1,-0.072,0.619,1.324,2,-0.271,0.399,1.340,2,-0.344,0.150,1.296,2,-0.309,-0.031,1.182,2,-0.295,-0.094,1.158,2,0.015,0.413,1.408,2,0.066,0.197,1.436,2,0.070,-0.028,1.424,2,0.070,-0.116,1.398,2,-0.181,0.042,1.296,2,-0.189,-0.302,1.183,1,-0.225,-0.556,1.403,1,-0.207,-0.604,1.331,2,-0.043,0.043,1.329,2,-0.060,-0.335,1.355,1,-0.218,-0.669,1.471,1,-0.200,-0.700,1.390,0
0.281|kb,430890641,6,20,0,0,0,0,1,84,2,-0.108,0.119,1.305,2,-0.122,0.174,1.357,2,-0.126,0.490,1.341,1,-0.062,0.617,1.299,2,-0.269,0.405,1.321,2,-0.339,0.159,1.278,2,-0.298,-0.029,1.161,2,-0.287,-0.090,1.133,2,0.023,0.418,1.389,2,0.073,0.201,1.417,2,0.080,-0.031,1.387,2,0.079,-0.119,1.354,2,-0.174,0.051,1.278,2,-0.181,-0.288,1.162,1,-0.220,-0.528,1.406,1,-0.204,-0.585,1.347,2,-0.035,0.051,1.314,2,-0.056,-0.326,1.344,1,-0.203,-0.657,1.446,1,-0.186,-0.692,1.365,0
0.307|kb,430890673,6,20,0,0,0,0,1,84,2,-0.102,0.125,1.288,2,-0.116,0.178,1.338,2,-0.125,0.485,1.314,1,-0.059,0.614,1.274,2,-0.268,0.408,1.296,2,-0.334,0.164,1.259,2,-0.289,-0.028,1.142,2,-0.280,-0.090,1.112,2,0.025,0.426,1.356,2,0.082,0.197,1.388,2,0.091,-0.033,1.339,2,0.089,-0.119,1.304,2,-0.168,0.057,1.261,2,-0.177,-0.286,1.147,1,-0.219,-0.524,1.374,1,-0.206,-0.587,1.323,2,-0.029,0.056,1.298,2,-0.053,-0.320,1.336,1,-0.191,-0.654,1.419,1,-0.174,-0.690,1.338,0
0.325|kb,430890709,6,20,0,0,0,0,1,84,2,-0.100,0.126,1.266,2,-0.117,0.179,1.310,2,-0.164,0.482,1.272,1,-0.087,0.610,1.230,2,-0.266,0.407,1.265,2,-0.329,0.169,1.236,2,-0.285,-0.027,1.131,2,-0.275,-0.086,1.096,2,0.026,0.428,1.333,2,0.090,0.192,1.359,2,0.100,-0.053,1.285,2,0.095,-0.134,1.258,2,-0.162,0.058,1.240,2,-0.170,-0.295,1.129,1,-0.185,-0.693,1.049,1,-0.165,-0.697,0.967,2,-0.021,0.058,1.275,2,-0.052,-0.317,1.330,1,-0.183,-0.655,1.405,1,-0.165,-0.689,1.323,0
0.385|kb,430890773,6,20,0,0,0,0,1,84,2,-0.081,0.117,1.196,2,-0.093,0.167,1.238,2,-0.091,0.435,1.209,1,-0.036,0.572,1.165,2,-0.259,0.391,1.191,2,-0.319,0.163,1.176,2,-0.284,-0.024,1.099,2,-0.270,-0.088,1.058,2,0.030,0.415,1.272,2,0.109,0.150,1.272,2,0.118,-0.069,1.199,2,0.118,-0.144,1.163,2,-0.150,0.049,1.172,2,-0.123,-0.319,1.108,1,-0.077,-0.787,0.901,1,-0.060,-0.768,0.838,2,-0.005,0.051,1.207,2,-0.045,-0.311,1.298,1,-0.181,-0.655,1.377,1,-0.161,-0.687,1.296,0
0.449|kb,430890809,6,20,0,0,0,0,1,84,2,-0.078,0.108,1.163,2,-0.089,0.157,1.204,2,-0.077,0.420,1.183,1,-0.021,0.557,1.138,2,-0.256,0.380,1.160,2,-0.318,0.157,1.148,2,-0.287,-0.036,1.058,2,-0.271,-0.096,1.034,2,0.032,0.407,1.244,2,0.112,0.139,1.239,2,0.128,-0.072,1.162,2,0.131,-0.140,1.126,2,-0.149,0.040,1.138,1,-0.112,-0.333,1.096,1,-0.048,-0.804,0.896,1,-0.037,-0.778,0.848,2,-0.005,0.044,1.174,2,-0.039,-0.311,1.276,1,-0.183,-0.648,1.373,1,-0.163,-0.682,1.292,0
0.485|kb,430890841,6,20,0,0,0,0,1,84,2,-0.079,0.097,1.135,2,-0.089,0.146,1.177,2,-0.071,0.410,1.162,1,-0.013,0.545,1.116,2,-0.252,0.369,1.131,2,-0.319,0.151,1.119,2,-0.291,-0.045,1.037,2,-0.276,-0.107,1.013,2,0.036,0.394,1.217,2,0.116,0.130,1.217,2,0.141,-0.069,1.125,2,0.149,-0.132,1.089,2,-0.151,0.029,1.111,1,-0.109,-0.347,1.080,1,-0.050,-0.804,0.922,1,-0.037,-0.779,0.872,2,-0.008,0.031,1.143,2,-0.034,-0.341,1.250,1,-0.165,-0.643,1.373,1,-0.145,-0.683,1.295,0
0.525|kb,430890873,6,20,0,0,0,0,1,84,2,-0.082,0.087,1.106,2,-0.093,0.135,1.147,2,-0.072,0.399,1.130,1,-0.008,0.533,1.088,2,-0.251,0.355,1.103,2,-0.321,0.144,1.091,2,-0.298,-0.056,1.016,2,-0.289,-0.125,0.987,2,0.042,0.379,1.190,2,0.120,0.122,1.189,2,0.152,-0.065,1.097,2,0.162,-0.125,1.062,2,-0.158,0.018,1.078,1,-0.113,-0.363,1.053,1,-0.053,-0.804,0.930,1,-0.040,-0.779,0.877,2,-0.011,0.019,1.115,2,-0.030,-0.353,1.233,1,-0.072,-0.685,1.338,1,-0.049,-0.720,1.258,0
0.553|kb,430890905,6,20,0,0,0,0,1,84,2,-0.085,0.076,1.073,2,-0.094,0.124,1.113,2,-0.072,0.387,1.096,1,-0.004,0.520,1.057,2,-0.251,0.341,1.072,2,-0.324,0.132,1.055,2,-0.309,-0.096,0.975,2,-0.296,-0.165,0.964,2,0.048,0.364,1.162,2,0.125,0.117,1.163,2,0.164,-0.061,1.065,2,0.175,-0.118,1.028,2,-0.162,0.009,1.050,1,-0.120,-0.394,1.009,1,-0.061,-0.803,0.929,1,-0.048,-0.780,0.872,2,-0.013,0.004,1.078,2,-0.028,-0.378,1.207,1,-0.034,-0.711,1.311,1,-0.011,-0.739,1.229,0
0.584|kb,430890937,6,20,0,0,0,0,1,84,2,-0.082,0.068,1.032,2,-0.091,0.115,1.070,2,-0.072,0.370,1.049,1,-0.002,0.503,1.014,2,-0.251,0.329,1.038,2,-0.327,0.109,1.008,2,-0.314,-0.105,0.961,2,-0.303,-0.174,0.950,2,0.054,0.349,1.128,2,0.130,0.115,1.132,2,0.175,-0.057,1.031,2,0.185,-0.112,1.000,2,-0.161,0.000,0.999,1,-0.120,-0.413,0.972,1,-0.066,-0.801,0.923,1,-0.053,-0.782,0.858,2,-0.009,-0.005,1.048,2,-0.012,-0.365,1.136,1,0.007,-0.749,1.220,1,0.027,-0.770,1.137,0
0.627|kb,430890973,6,20,0,0,0,0,1,84,2,-0.077,0.062,0.995,2,-0.087,0.107,1.032,2,-0.071,0.356,1.011,1,0.000,0.488,0.974,2,-0.249,0.315,1.001,2,-0.328,0.100,0.982,2,-0.319,-0.107,0.946,2,-0.313,-0.173,0.930,2,0.060,0.341,1.102,2,0.136,0.113,1.097,2,0.184,-0.058,1.000,2,0.190,-0.108,0.976,2,-0.158,-0.005,0.969,1,-0.119,-0.424,0.933,1,-0.076,-0.800,0.878,1,-0.061,-0.786,0.808,2,0.001,-0.014,1.003,1,-0.003,-0.360,1.097,1,0.022,-0.770,1.176,1,0.039,-0.782,1.094,0
0.653|kb,430891005,6,20,0,0,0,0,1,84,2,-0.055,0.076,0.946,2,-0.068,0.114,0.984,2,-0.069,0.339,0.968,1,0.001,0.472,0.931,2,-0.245,0.303,0.965,2,-0.325,0.090,0.941,2,-0.328,-0.114,0.903,2,-0.316,-0.178,0.901,2,0.066,0.322,1.053,2,0.142,0.114,1.067,2,0.190,-0.057,0.966,2,0.194,-0.102,0.946,2,-0.138,0.008,0.917,1,-0.099,-0.414,0.873,1,-0.058,-0.783,0.805,1,-0.042,-0.772,0.731,2,0.035,0.000,0.957,1,0.014,-0.344,1.068,1,0.029,-0.763,1.157,1,0.045,-0.775,1.075,0
0.685|kb,430891041,6,20,0,0,0,0,1,84,2,-0.106,0.053,0.964,2,-0.111,0.099,0.985,2,-0.105,0.294,0.908,1,0.000,0.439,0.913,2,-0.231,0.281,0.919,2,-0.323,0.085,0.913,2,-0.328,-0.114,0.870,2,-0.303,-0.170,0.847,2,0.016,0.268,0.967,2,0.156,0.104,1.019,2,0.198,-0.073,0.928,2,0.197,-0.099,0.919,2,-0.181,0.003,0.940,1,-0.219,-0.415,0.889,1,-0.271,-0.789,0.827,1,-0.258,-0.788,0.758,2,-0.037,-0.014,1.011,1,0.027,-0.382,0.916,1,0.108,-0.778,0.746,1,0.105,-0.761,0.693,0
0.712|kb,430891073,6,20,0,0,0,0,1,84,2,-0.126,0.051,0.968,2,-0.127,0.098,0.981,2,-0.126,0.277,0.876,1,0.005,0.411,0.904,1,-0.228,0.275,0.902,2,-0.322,0.067,0.877,1,-0.331,-0.121,0.843,1,-0.289,-0.164,0.822,2,0.030,0.223,0.928,2,0.175,0.070,0.972,2,0.210,-0.105,0.871,1,0.211,-0.151,0.854,2,-0.210,0.013,0.969,1,-0.339,-0.377,0.854,1,-0.481,-0.741,0.734,1,-0.456,-0.739,0.676,2,-0.052,-0.018,1.015,1,0.014,-0.399,0.776,1,-0.019,-0.277,0.852,1,-0.043,-0.272,0.827,0
0.738|kb,430891105,6,20,0,0,0,0,1,84,2,0.191,0.002,1.001,2,0.180,0.029,1.027,2,0.105,0.173,0.993,2,0.021,0.323,0.941,1,-0.026,0.184,0.992,2,0.055,-0.029,0.850,1,0.018,-0.216,0.806,1,0.074,-0.283,0.821,2,0.133,0.209,0.988,2,0.191,0.010,0.918,1,0.199,-0.164,0.820,1,0.199,-0.227,0.791,2,0.151,-0.041,0.993,1,0.074,-0.448,0.945,1,0.022,-0.831,0.889,1,0.020,-0.819,0.815,2,0.260,-0.013,1.012,1,0.023,-0.267,0.776,1,-0.273,-0.290,0.689,1,-0.277,-0.341,0.608,0
0.778|kb,430891141,6,20,0,0,0,0,1,84,2,0.177,0.087,0.772,2,0.193,0.076,0.824,2,0.201,0.169,1.029,2,0.036,0.297,0.956,1,0.079,0.169,1.029,1,0.201,-0.038,0.836,2,0.294,-0.009,0.911,1,0.389,-0.034,0.939,1,0.179,0.229,1.009,2,0.186,-0.002,0.905,1,0.241,-0.119,0.767,1,0.261,-0.173,0.722,2,0.147,0.089,0.749,1,0.250,0.017,1.072,1,0.220,-0.127,1.182,2,0.188,-0.150,1.128,2,0.197,0.069,0.728,1,0.008,-0.213,0.784,1,-0.290,-0.537,0.885,1,-0.263,-0.587,0.852,0
0.804|kb,430891173,6,20,0,0,0,0,1,84,0,0,2,0.235,0.188,1.025,1,0.058,0.295,0.958,1,0.117,0.167,1.038,1,0.236,-0.029,0.830,1,0.451,0.035,0.913,1,0.514,0.035,0.933,1,0.205,0.243,1.015,1,0.185,-0.004,0.902,2,0.139,0.214,0.891,1,0.133,0.261,0.877,0,2,0.149,0.101,0.569,1,0.137,-0.067,0.797,1,0.215,-0.006,0.834,0,2,0.078,0.139,0.528,1,-0.013,-0.177,0.656,1,0.004,-0.136,0.753,0
0.849|kb,430891209,6,20,0,0,0,0,1,84,0,0,2,0.227,0.220,0.995,1,0.080,0.312,0.947,1,0.123,0.191,1.018,1,0.200,0.007,0.820,1,0.429,0.084,0.899,1,0.496,0.103,0.922,1,0.220,0.261,1.007,1,0.189,0.009,0.900,2,0.123,0.347,0.933,1,0.095,0.481,0.949,0,0,1,0.098,0.107,0.410,1,0.164,0.139,0.509,0,2,0.100,0.203,0.475,1,0.093,-0.006,0.552,1,0.120,0.061,0.695,0
0.868|kb,430891241,6,20,0,0,0,0,1,84,0,0,2,0.207,0.235,0.964,1,0.092,0.326,0.933,1,0.113,0.209,0.994,1,0.170,0.024,0.809,2,0.202,0.222,0.890,1,0.198,0.279,0.922,1,0.226,0.273,0.995,1,0.192,0.019,0.897,2,0.135,0.344,0.924,2,0.131,0.407,0.902,0,0,1,0.062,0.135,0.285,1,0.109,0.164,0.379,0,2,0.097,0.208,0.472,1,0.103,0.060,0.528,1,0.126,0.093,0.673,0
0.900|kb,430891273,6,20,0,0,0,0,1,84,0,0,2,0.195,0.218,0.909,1,0.101,0.325,0.887,1,0.097,0.205,0.938,1,0.146,0.016,0.775,2,0.110,0.236,0.868,2,0.095,0.322,0.872,1,0.225,0.266,0.942,1,0.198,0.020,0.873,2,0.148,0.248,0.880,2,0.149,0.344,0.875,0,0,1,0.054,0.071,0.287,1,0.102,0.079,0.390,0,2,0.095,0.181,0.490,1,0.065,0.012,0.556,1,0.091,0.048,0.671,0
0.936|kb,430891309,6,20,0,0,0,0,1,84,0,0,0,1,0.043,0.080,0.341,2,0.139,0.145,0.874,1,0.183,-0.048,0.721,2,0.110,0.131,0.828,2,0.096,0.232,0.828,2,0.168,0.145,0.873,1,0.160,-0.076,0.819,2,0.158,0.146,0.840,2,0.161,0.244,0.832,0,0,1,0.048,0.062,0.354,2,0.077,0.083,0.459,0,0,1,0.083,0.063,0.444,2,0.104,0.109,0.517,0
0.962|kb,430891341,6,20,0,0,0,0,0,0
0.997|kb,430891373,6,20,0,0,0,0,0,0
1.032|kb,430891409,6,20,0,0,0,0,0,0
1.060|kb,430891441,6,20,0,0,0,0,0,0
1.094|kb,430891473,6,20,0,0,0,0,0,0
1.121|kb,430891505,6,20,0,0,0,0,0,0
1.176|kb,430891573,6,20,0,0,0,0,0,0
1.236|kb,430891641,6,20,0,0,0,0,0,0
1.292|kb,430891673,6,20,0,0,0,0,0,0
1.310|kb,430891705,6,20,0,0,0,0,0,0
1.361|kb,430891741,6,20,0,0,0,0,0,0
1.396|kb,430891773,6,20,0,0,0,0,0,0
1.432|kb,430891809,6,20,0,0,0,0,0,0
1.466|kb,430891841,6,20,0,0,0,0,0,0
1.484|kb,430891873,6,20,0,0,0,0,0,0
1.518|kb,430891905,6,20,0,0,0,0,0,0
1.555|kb,430891937,6,20,0,0,0,0,0,0
1.582|kb,430891973,6,20,0,0,0,0,0,0
1.637|kb,430892005,6,20,0,0,0,0,0,0
1.672|kb,430892041,6,20,0,0,0,0,0,0
1.696|kb,430892073,6,20,0,0,0,0,0,0
1.734|kb,430892105,6,20,0,0,0,0,0,0
1.755|kb,430892141,6,20,0,0,0,0,0,0
1.807|kb,430892205,6,20,0,0,0,0,0,0
1.867|kb,430892241,6,20,0,0,0,0,0,0
1.884|kb,430892273,6,20,0,0,0,0,0,0
1.946|kb,430892341,6,20,0,0,0,0,0,0
2.003|kb,430892405,6,20,0,0,0,0,0,0
2.071|kb,430892473,6,20,0,0,0,0,0,0
2.125|kb,430892505,6,20,0,0,0,0,0,0
2.142|kb,430892537,6,20,0,0,0,0,0,0
2.207|kb,430892573,6,20,0,0,0,0,0,0
2.241|kb,430892641,6,20,0,0,0,0,0,0
2.296|kb,430892673,6,20,0,0,0,0,0,0
2.322|kb,430892705,6,20,0,0,0,0,0,0
2.381|kb,430892773,6,20,0,0,0,0,0,0
2.440|kb,430892841,6,20,0,0,0,0,0,0
2.501|kb,430892873,6,20,0,0,0,0,0,0
2.522|kb,430892909,6,20,0,0,0,0,0,0
2.577|kb,430892973,6,20,0,0,0,0,0,0
2.636|kb,430893009,6,20,0,0,0,0,0,0
2.653|kb,430893041,6,20,0,0,0,0,0,0
2.712|kb,430893105,6,20,0,0,0,0,0,0
